b=7;
k1=0.6;
k2=0.5;
m1=5;
m2=200;